{
  "metrics": [
    "cyclomatic complexity",
    "lines of code",
    "max nesting loop depth",
    "max pointer arithmetic variable is involved in",
    "maximum nesting level of control structures",
    "maximum of control dependent control structures",
    "maximum of data dependent control structures",
    "number of callee parameter variables",
    "number of if structures without else",
    "number of loops",
    "number of nested control structures",
    "number of nested loops",
    "number of parameter variables",
    "number of pointer arithmetic",
    "number of variables involved in control predicates",
    "number of variables involved in pointer arithmetic"
  ],
  "matrix": [
    [
      78,
      61,
      22,
      37,
      29,
      67,
      65,
      31,
      59,
      45,
      21,
      21,
      0,
      57,
      43,
      35
    ],
    [
      61,
      202,
      25,
      50,
      48,
      113,
      105,
      49,
      87,
      39,
      61,
      16,
      4,
      91,
      94,
      70
    ],
    [
      22,
      25,
      43,
      11,
      27,
      23,
      28,
      10,
      13,
      24,
      3,
      18,
      1,
      21,
      30,
      20
    ],
    [
      37,
      50,
      11,
      78,
      16,
      48,
      57,
      23,
      45,
      24,
      31,
      10,
      4,
      78,
      41,
      24
    ],
    [
      29,
      48,
      27,
      16,
      74,
      45,
      41,
      20,
      28,
      23,
      9,
      16,
      0,
      27,
      46,
      29
    ],
    [
      67,
      113,
      23,
      48,
      45,
      146,
      96,
      45,
      90,
      50,
      34,
      21,
      7,
      79,
      68,
      60
    ],
    [
      65,
      105,
      28,
      57,
      41,
      96,
      160,
      40,
      91,
      45,
      55,
      24,
      1,
      91,
      80,
      44
    ],
    [
      31,
      49,
      10,
      23,
      20,
      45,
      40,
      76,
      44,
      16,
      34,
      12,
      5,
      44,
      48,
      41
    ],
    [
      59,
      87,
      13,
      45,
      28,
      90,
      91,
      44,
      111,
      37,
      45,
      13,
      2,
      63,
      68,
      41
    ],
    [
      45,
      39,
      24,
      24,
      23,
      50,
      45,
      16,
      37,
      59,
      18,
      29,
      0,
      35,
      32,
      24
    ],
    [
      21,
      61,
      3,
      31,
      9,
      34,
      55,
      34,
      45,
      18,
      184,
      14,
      10,
      45,
      55,
      44
    ],
    [
      21,
      16,
      18,
      10,
      16,
      21,
      24,
      12,
      13,
      29,
      14,
      35,
      0,
      20,
      23,
      22
    ],
    [
      0,
      4,
      1,
      4,
      0,
      7,
      1,
      5,
      2,
      0,
      10,
      0,
      42,
      8,
      4,
      11
    ],
    [
      57,
      91,
      21,
      78,
      27,
      79,
      91,
      44,
      63,
      35,
      45,
      20,
      8,
      141,
      71,
      56
    ],
    [
      43,
      94,
      30,
      41,
      46,
      68,
      80,
      48,
      68,
      32,
      55,
      23,
      4,
      71,
      128,
      64
    ],
    [
      35,
      70,
      20,
      24,
      29,
      60,
      44,
      41,
      41,
      24,
      44,
      22,
      11,
      56,
      64,
      133
    ]
  ]
}